1
2
111
3
4
5
6
7
112
8
9
113
10
11
12
13
14
15
16
17
114
18
19
20
21
22
23
24
25
26
27
28
29
30
31
115
116
32
33
34
35
36
37
117
118
38
39
40
41
42
43
119
120
121
44
45
46
47
122
123
48
49
50
51
52
53
124
125
54
55
56
57
58
126
127
128
59
60
61
62
63
64
129
65
66
67
68
69
70
71
130
72
73
74
75
76
77
131
78
79
80
81
82
83
84
85
132
86
87
88
89
90
133
134
135
91
92
93
94
95
96
136
97
98
137
138
99
100
101
102
103
104
139
105
106
107
108
109
110
140
169
141
142
143
144
145
146
173
147
174
191
148
175
149
201
150
189
202
205
151
176
152
153
154
177
155
178
156
157
158
179
190
180
197
200
159
160
161
162
181
182
196
198
203
204
206
163
164
165
166
183
184
185
192
167
168
186
187
170
171
193
194
195
199
172
188
